
── .video-short/mangoi-ai-short.mp4  창 141개
   ✅ 12dB 넘게 튀는 창 없음

── .video/mangoi-ai-guide.mp4  창 911개
   ✅ 12dB 넘게 튀는 창 없음

── 짧은 판 8~10초 · 17~19초 (0.05초 창)
   [7.8~10.2s] -90 -90 -90 -90 -90 -52 -71 -67 -45 -22 -17 -12 -8 -9 -29 -12 -7 -7 -7 -10 -10 -10 -9 -9 -9 -7 -8 -10 -12 -18 -24 -17 -10 -7 -15 -17 -7 -9 -10 -9 -11 -36 -24 -9 -10 -13 -22 -41 -18
   [16.8~19.2s] -14 -19 -11 -13 -18 -11 -21 -16 -9 -7 -10 -7 -7 -10 -13 -9 -11 -10 -12 -10 -9 -11 -19 -15 -9 -6 -6 -15 -14 -9 -6 -8 -8 -11 -13 -14 -17 -31 -48 -48 -58 -76 -76 -76 -70 -71 -81 -78 -76
   .video/mangoi-ai-guide.mp4  24.97 MiB (여유 30 KiB)
   .video-short/mangoi-ai-short.mp4  5.33 MiB (여유 20146 KiB)
